1 13071.34 7383.30 34.00 33.00 33.00 1875.00 1210.94 1617.19 
1 13166.77 7690.08 34.00 32.00 31.00 703.12 1890.62 1265.63 
1 13078.75 7509.58 47.00 42.00 42.00 703.12 39.06 1601.56 
1 13115.34 7509.37 35.00 35.00 34.00 695.31 1867.19 1484.37 
1 13180.50 7616.29 49.00 49.00 45.00 703.12 1289.06 1367.19 
1 13124.91 7572.71 41.00 35.00 35.00 703.12 1554.69 1648.44 
1 12892.21 7652.41 45.00 43.00 43.00 695.31 1578.12 1835.94 
1 13115.69 7639.93 46.00 42.00 41.00 703.12 1429.69 1890.62 
1 13048.57 7576.91 46.00 40.00 39.00 703.12 1906.25 1429.69 
1 13118.20 7617.64 38.00 33.00 32.00 703.12 1679.69 1453.12 
1 12885.66 7474.73 41.00 39.00 37.00 703.12 1562.50 1289.06 
1 13298.96 7627.05 44.00 42.00 42.00 703.12 1906.25 1929.69 
1 13032.03 7593.21 42.00 41.00 40.00 703.12 1531.25 812.50 
1 12923.32 7636.03 43.00 39.00 38.00 703.12 1617.19 1343.75 
1 12978.64 7561.97 36.00 33.00 33.00 703.12 1515.62 1750.00 
1 13174.59 7667.73 33.00 29.00 28.00 695.31 1945.31 523.44 
1 13130.57 7664.24 36.00 36.00 35.00 1031.25 1617.19 703.12 
1 13174.03 7730.70 51.00 50.00 49.00 703.12 1179.69 1023.44 
1 13156.80 7654.07 59.00 59.00 58.00 1242.19 1273.44 1703.12 
1 13124.27 7653.06 38.00 37.00 36.00 695.31 976.56 750.00 
1 13037.33 7600.91 40.00 39.00 38.00 1148.44 1570.31 1000.00 
1 13001.05 7661.33 37.00 35.00 34.00 703.12 1867.19 453.12 
1 13096.08 7576.19 47.00 47.00 46.00 695.31 1023.44 1820.31 
1 13388.12 7787.13 62.00 59.00 59.00 703.12 289.06 1492.19 
1 13023.22 7550.70 47.00 46.00 45.00 703.12 1953.12 1273.44 
1 13144.87 7523.15 41.00 39.00 38.00 1843.75 703.12 1765.62 
1 13141.92 7715.77 38.00 38.00 38.00 703.12 1781.25 1945.31 
1 13151.92 7645.22 33.00 33.00 33.00 703.12 1812.50 1835.94 
1 13175.63 7633.64 46.00 45.00 45.00 703.12 1531.25 1742.19 
1 13068.46 7627.62 42.00 41.00 39.00 1843.75 695.31 187.50 
1 12809.19 7480.77 36.00 34.00 33.00 703.12 1257.81 523.44 
1 13072.34 7615.76 34.00 32.00 32.00 703.12 445.31 906.25 
1 13132.30 7666.42 45.00 43.00 43.00 703.12 773.44 1703.12 
1 13177.64 7694.94 37.00 36.00 35.00 703.12 1375.00 1343.75 
1 13072.73 7747.17 50.00 48.00 46.00 703.12 1742.19 1953.12 
1 13002.94 7643.03 54.00 54.00 51.00 703.12 1984.37 1101.56 
1 13501.97 7758.52 42.00 37.00 37.00 703.12 1460.94 1765.62 
1 12896.51 7494.82 47.00 46.00 45.00 1953.12 609.37 1914.06 
1 13082.31 7567.63 42.00 41.00 41.00 664.06 1750.00 1890.62 
1 12912.65 7563.96 49.00 47.00 46.00 695.31 1328.13 320.31 
1 13165.13 7649.83 43.00 37.00 35.00 703.12 1625.00 1437.50 
1 12850.24 7627.01 40.00 30.00 29.00 695.31 1515.62 93.75 
1 12945.61 7506.99 50.00 38.00 37.00 695.31 414.06 140.62 
1 13165.99 7666.51 46.00 34.00 34.00 703.12 54.69 1367.19 
1 12989.86 7471.12 50.00 38.00 38.00 703.12 46.88 109.37 
1 13050.16 7606.75 44.00 32.00 32.00 703.12 367.19 789.06 
1 12765.80 7616.84 44.00 35.00 34.00 703.12 601.56 187.50 
1 13036.29 7594.48 44.00 34.00 34.00 703.12 289.06 320.31 
1 13010.18 7671.55 48.00 37.00 35.00 703.12 343.75 539.06 
1 12788.34 7522.01 65.00 56.00 54.00 703.12 1968.75 62.50 
1 12910.69 7632.93 46.00 36.00 36.00 703.12 1359.38 1820.31 
1 13089.82 7422.55 53.00 44.00 44.00 703.12 1343.75 1523.44 
1 13111.62 7584.88 46.00 37.00 35.00 703.12 1781.25 164.06 
1 13251.37 7653.70 43.00 32.00 32.00 703.12 39.06 1398.44 
1 13281.79 7749.71 52.00 42.00 41.00 703.12 484.37 1664.06 
1 13270.09 7744.20 56.00 46.00 46.00 703.12 406.25 1765.62 
1 12773.12 7540.75 53.00 40.00 39.00 695.31 39.06 546.87 
1 13098.12 7644.20 50.00 41.00 41.00 695.31 203.12 1835.94 
1 13089.70 7611.47 52.00 41.00 41.00 703.12 390.62 1656.25 
1 13091.06 7671.16 51.00 40.00 40.00 703.12 664.06 1257.81 
1 13197.53 7667.96 50.00 38.00 37.00 703.12 1945.31 226.56 
1 12969.22 7702.61 46.00 39.00 38.00 703.12 1039.06 1203.13 
1 13000.44 7690.15 51.00 41.00 40.00 703.12 546.87 1390.63 
1 13092.58 7722.93 46.00 35.00 34.00 703.12 437.50 148.44 
1 13074.57 7740.30 47.00 37.00 37.00 703.12 320.31 382.81 
1 13015.06 7682.54 50.00 42.00 39.00 695.31 93.75 796.87 
1 13073.54 7594.76 58.00 50.00 50.00 703.12 1156.25 1398.44 
1 13195.85 7631.41 42.00 33.00 32.00 703.12 1367.19 1226.56 
1 13039.72 7606.64 43.00 31.00 31.00 703.12 937.50 1578.12 
1 13116.85 7691.80 47.00 38.00 38.00 695.31 1101.56 1203.13 
1 12864.18 7496.98 45.00 34.00 34.00 703.12 328.12 1234.38 
1 13151.79 7654.16 45.00 35.00 34.00 703.12 1156.25 140.62 
1 13106.85 7544.24 48.00 39.00 38.00 703.12 1710.94 898.44 
1 12745.91 7578.13 43.00 35.00 34.00 703.12 1585.94 429.69 
1 12949.43 7584.49 42.00 35.00 34.00 703.12 70.31 1171.88 
1 13073.32 7637.73 43.00 33.00 32.00 703.12 1000.00 335.94 
1 13001.32 7520.01 69.00 57.00 56.00 703.12 1429.69 671.87 
1 12846.80 7584.77 44.00 33.00 32.00 703.12 46.88 1515.62 
1 13120.18 7684.78 59.00 47.00 46.00 703.12 1781.25 617.19 
1 12938.10 7580.46 46.00 36.00 34.00 703.12 890.62 335.94 
1 12783.41 7486.40 47.00 36.00 35.00 703.12 1757.81 1953.12 
1 12895.74 7590.73 49.00 39.00 38.00 703.12 1023.44 1304.69 
1 12839.19 7526.57 59.00 52.00 51.00 703.12 1867.19 851.56 
1 13073.07 7682.68 48.00 41.00 39.00 703.12 1359.38 1765.62 
1 12937.70 7595.75 48.00 41.00 41.00 695.31 1476.56 1625.00 
1 13034.45 7628.23 52.00 45.00 44.00 703.12 85.94 1171.88 
1 12698.04 7431.93 43.00 41.00 40.00 695.31 1609.37 585.94 
1 12997.46 7691.21 42.00 38.00 36.00 703.12 1273.44 1906.25 
1 12924.26 7607.30 40.00 34.00 33.00 703.12 1101.56 726.56 
1 13060.48 7683.12 51.00 43.00 42.00 703.12 656.25 1781.25 
1 13179.31 7761.89 43.00 37.00 35.00 703.12 1601.56 1367.19 
1 13113.41 7741.81 47.00 41.00 40.00 703.12 1445.31 1882.81 
1 12880.32 7627.73 48.00 43.00 41.00 695.31 1843.75 1796.87 
1 13101.64 7655.37 48.00 40.00 39.00 703.12 468.75 515.62 
1 13006.55 7715.13 45.00 37.00 37.00 695.31 1250.00 1796.87 
1 13122.75 7719.70 62.00 51.00 50.00 703.12 1242.19 609.37 
1 12921.11 7695.04 47.00 39.00 37.00 703.12 1109.38 312.50 
1 12948.17 7656.89 48.00 38.00 37.00 695.31 1960.94 1234.38 
1 13147.86 7800.65 47.00 38.00 38.00 703.12 421.87 1070.31 
1 13159.00 7730.11 43.00 34.00 33.00 703.12 1570.31 765.62 
1 12866.87 7556.21 42.00 33.00 33.00 703.12 773.44 1054.69 
1 12792.23 7518.05 45.00 37.00 37.00 703.12 1351.56 1796.87 
1 12863.28 7567.82 46.00 38.00 36.00 703.12 1625.00 421.87 
1 12985.92 7663.34 48.00 42.00 39.00 695.31 1835.94 1859.37 
1 12768.75 7530.84 44.00 38.00 38.00 703.12 1734.37 1789.06 
1 13016.88 7538.88 40.00 34.00 33.00 703.12 960.94 609.37 
1 12876.40 7631.23 52.00 43.00 43.00 703.12 867.19 1046.88 
1 12973.68 7625.19 44.00 33.00 33.00 703.12 1656.25 1984.37 
1 13260.77 7762.03 57.00 49.00 47.00 703.12 875.00 1656.25 
1 12869.25 7601.93 50.00 40.00 40.00 703.12 796.87 960.94 
1 12948.94 7623.37 55.00 46.00 45.00 703.12 1703.12 218.75 
1 13060.76 7605.37 57.00 47.00 46.00 703.12 656.25 125.00 
1 12937.33 7533.98 55.00 46.00 45.00 703.12 742.19 1875.00 
1 12835.08 7497.94 47.00 38.00 36.00 703.12 1804.69 320.31 
1 13012.45 7549.45 77.00 70.00 70.00 703.12 39.06 1335.94 
1 12903.52 7663.19 48.00 39.00 38.00 703.12 1765.62 1859.37 
1 13251.91 7757.85 45.00 35.00 35.00 703.12 773.44 921.87 
1 13153.95 7647.99 45.00 35.00 35.00 703.12 929.69 1242.19 
1 13049.93 7677.12 51.00 47.00 45.00 695.31 1273.44 1468.75 
1 13103.91 7682.83 46.00 39.00 38.00 695.31 656.25 539.06 
1 12695.11 7537.00 47.00 39.00 38.00 695.31 875.00 1007.81 
1 12812.83 7590.85 49.00 43.00 40.00 703.12 1835.94 296.87 
1 12975.81 7606.73 43.00 36.00 35.00 695.31 632.81 62.50 
1 13094.88 7610.16 74.00 66.00 66.00 703.12 1585.94 1921.87 
1 13363.94 7741.25 55.00 46.00 46.00 703.12 648.44 1437.50 
1 13191.32 7722.02 43.00 37.00 34.00 703.12 1414.06 656.25 
1 13013.80 7670.18 47.00 40.00 39.00 703.12 539.06 1492.19 
1 12890.79 7516.39 45.00 37.00 36.00 703.12 1531.25 765.62 
1 13091.57 7676.55 46.00 38.00 37.00 703.12 1539.06 1875.00 
1 13071.56 7705.60 47.00 41.00 39.00 703.12 1718.75 601.56 
1 12906.65 7696.56 50.00 41.00 41.00 703.12 812.50 1195.31 
1 13214.41 7791.48 39.00 32.00 32.00 703.12 320.31 812.50 
1 12816.54 7530.59 49.00 41.00 40.00 703.12 1375.00 171.87 
1 12832.76 7453.49 43.00 35.00 34.00 703.12 1851.56 1398.44 
1 12963.56 7702.00 41.00 32.00 32.00 703.12 992.19 1015.63 
1 12849.87 7520.90 45.00 36.00 34.00 703.12 1523.44 140.62 
1 12882.16 7593.42 44.00 36.00 35.00 695.31 1429.69 531.25 
1 12969.67 7576.89 48.00 39.00 38.00 703.12 875.00 1382.81 
1 13083.59 7694.19 43.00 34.00 34.00 703.12 812.50 1460.94 
1 12951.85 7594.84 44.00 37.00 35.00 703.12 1476.56 1351.56 
1 12978.30 7546.69 48.00 42.00 42.00 703.12 1125.00 1156.25 
1 12987.29 7636.68 50.00 39.00 39.00 703.12 671.87 1257.81 
1 12901.80 7563.13 57.00 49.00 49.00 703.12 804.69 828.12 
1 13022.20 7578.18 42.00 35.00 34.00 703.12 1750.00 968.75 
1 12846.44 7581.97 54.00 47.00 44.00 703.12 1742.19 156.25 
1 12728.25 7511.81 50.00 42.00 42.00 703.12 226.56 515.62 
1 12881.88 7514.89 54.00 45.00 45.00 703.12 1695.31 1976.56 
1 13056.71 7677.90 44.00 38.00 37.00 703.12 1953.12 1687.50 
1 12950.91 7647.47 45.00 36.00 35.00 703.12 1828.12 1171.88 
1 12893.82 7481.25 49.00 38.00 38.00 703.12 320.31 421.87 
1 12969.27 7544.99 40.00 35.00 33.00 695.31 140.62 843.75 
1 12915.56 7542.67 55.00 47.00 46.00 703.12 1648.44 1531.25 
1 13217.92 7750.62 48.00 42.00 41.00 703.12 406.25 960.94 
1 12855.70 7549.07 48.00 40.00 40.00 703.12 1820.31 1914.06 
1 12904.38 7614.35 45.00 38.00 38.00 703.12 1234.38 1476.56 
1 12774.84 7500.36 42.00 37.00 37.00 695.31 1867.19 1960.94 
1 13190.46 7706.25 42.00 35.00 35.00 695.31 1335.94 1476.56 
1 12995.12 7694.13 46.00 38.00 37.00 695.31 1304.69 1585.94 
1 12933.23 7580.94 39.00 32.00 31.00 703.12 1570.31 1328.13 
1 13211.04 7765.66 54.00 45.00 45.00 703.12 726.56 1328.13 
1 13003.35 7600.17 43.00 38.00 37.00 703.12 1296.88 445.31 
1 12819.92 7531.30 52.00 46.00 45.00 695.31 335.94 1343.75 
1 13060.27 7708.16 47.00 43.00 41.00 703.12 1820.31 1351.56 
1 13173.22 7600.98 50.00 44.00 41.00 695.31 1140.63 117.19 
1 12958.03 7579.69 43.00 39.00 37.00 695.31 1687.50 1484.37 
1 12948.68 7606.77 54.00 50.00 48.00 703.12 1671.87 968.75 
1 13081.00 7575.06 42.00 32.00 32.00 703.12 250.00 484.37 
1 13142.18 7622.20 45.00 38.00 37.00 695.31 1421.87 859.37 
1 13162.88 7750.74 57.00 49.00 49.00 703.12 1015.63 1171.88 
1 12638.13 7495.49 55.00 44.00 43.00 703.12 1242.19 1929.69 
1 13111.04 7642.38 47.00 43.00 40.00 695.31 1976.56 335.94 
1 12891.26 7696.03 51.00 45.00 44.00 703.12 1328.13 70.31 
1 13118.85 7759.84 48.00 38.00 38.00 703.12 953.12 1710.94 
1 12875.21 7522.09 45.00 38.00 35.00 695.31 1906.25 359.37 
1 13024.60 7617.35 47.00 40.00 39.00 695.31 1953.12 468.75 
1 13277.93 7750.06 47.00 37.00 37.00 703.12 1203.13 1367.19 
1 12864.66 7491.70 58.00 46.00 46.00 703.12 1023.44 1125.00 
1 12984.59 7514.19 53.00 43.00 42.00 703.12 1171.88 1726.56 
1 13012.70 7643.90 52.00 41.00 41.00 703.12 812.50 1265.63 
1 12969.98 7571.10 49.00 42.00 40.00 703.12 1257.81 617.19 
1 13171.89 7661.22 53.00 44.00 42.00 695.31 1460.94 742.19 
1 13093.00 7617.61 43.00 33.00 33.00 703.12 46.88 804.69 
1 13007.71 7635.91 46.00 38.00 38.00 703.12 312.50 1375.00 
1 12955.33 7725.85 44.00 36.00 34.00 703.12 1304.69 289.06 
1 12709.11 7563.45 46.00 38.00 35.00 703.12 1976.56 921.87 
1 12919.40 7606.55 56.00 46.00 46.00 703.12 1226.56 1257.81 
1 13028.72 7556.73 46.00 39.00 38.00 703.12 1523.44 789.06 
1 12498.69 7466.09 47.00 38.00 38.00 703.12 1101.56 1937.50 
1 12823.41 7528.97 44.00 36.00 35.00 703.12 1476.56 62.50 
1 12904.89 7589.74 43.00 34.00 33.00 703.12 593.75 1156.25 
1 12854.63 7768.99 46.00 36.00 35.00 703.12 1273.44 1062.50 
1 12981.92 7587.10 60.00 51.00 51.00 703.12 1492.19 1796.87 
1 13213.98 7778.06 53.00 46.00 44.00 703.12 1039.06 1937.50 
1 12920.02 7593.71 53.00 43.00 42.00 703.12 1742.19 375.00 
1 13039.18 7627.74 42.00 33.00 31.00 703.12 1851.56 257.81 
1 12973.20 7574.96 57.00 49.00 49.00 703.12 593.75 1218.75 
1 13000.80 7581.81 46.00 40.00 38.00 703.12 1039.06 1281.25 
1 12747.02 7494.86 45.00 38.00 37.00 703.12 1640.62 1226.56 
1 13105.31 7557.34 39.00 32.00 31.00 703.12 1492.19 1218.75 
1 13197.77 7610.35 52.00 48.00 44.00 703.12 1937.50 1343.75 
1 13021.27 7656.09 40.00 32.00 32.00 703.12 578.12 1601.56 
1 13009.25 7524.87 43.00 37.00 37.00 703.12 609.37 796.87 
1 12965.99 7599.62 44.00 39.00 38.00 703.12 1945.31 1476.56 
1 13048.60 7611.75 50.00 46.00 44.00 703.12 570.31 437.50 
1 13108.55 7592.20 41.00 39.00 37.00 703.12 1226.56 601.56 
1 13065.96 7544.83 51.00 46.00 45.00 695.31 968.75 773.44 
1 13055.86 7604.99 50.00 45.00 45.00 695.31 1164.06 1234.38 
1 13105.85 7602.39 49.00 44.00 42.00 695.31 1367.19 781.25 
1 13015.70 7595.24 39.00 31.00 31.00 703.12 1937.50 1976.56 
1 13027.63 7511.73 48.00 41.00 40.00 703.12 773.44 960.94 
1 12993.22 7484.94 49.00 41.00 40.00 703.12 1929.69 1023.44 
1 13142.93 7693.96 39.00 33.00 31.00 703.12 1968.75 1890.62 
1 13250.23 7603.93 49.00 45.00 43.00 695.31 1757.81 1273.44 
1 13062.87 7657.04 45.00 41.00 41.00 695.31 203.12 1171.88 
1 12896.50 7405.31 44.00 37.00 36.00 703.12 1218.75 46.88 
1 13242.14 7735.09 46.00 42.00 42.00 695.31 609.37 1007.81 
1 13230.81 7712.14 46.00 37.00 36.00 703.12 835.94 1773.44 
1 12957.77 7464.59 45.00 39.00 38.00 703.12 1593.75 1304.69 
1 13272.60 7650.19 44.00 38.00 35.00 703.12 1750.00 648.44 
1 12937.59 7527.45 48.00 42.00 39.00 695.31 1710.94 1125.00 
1 12992.69 7568.36 48.00 41.00 40.00 695.31 1656.25 1140.63 
1 13276.23 7689.79 47.00 40.00 39.00 703.12 250.00 273.44 
1 12948.19 7601.09 44.00 37.00 36.00 703.12 1617.19 539.06 
1 13190.18 7605.60 52.00 45.00 43.00 703.12 328.12 609.37 
1 12930.36 7577.63 44.00 36.00 35.00 703.12 1812.50 1476.56 
1 13050.52 7515.76 57.00 51.00 49.00 703.12 1976.56 921.87 
1 13122.13 7595.04 49.00 45.00 45.00 695.31 203.12 1609.37 
1 13303.06 7661.14 49.00 44.00 41.00 703.12 1562.50 1023.44 
1 12789.46 7318.10 41.00 35.00 34.00 703.12 1507.81 562.50 
1 12847.92 7436.22 48.00 41.00 40.00 703.12 1562.50 617.19 
1 13178.53 7546.25 45.00 41.00 37.00 703.12 679.69 789.06 
1 13317.75 7760.94 39.00 38.00 38.00 1968.75 1382.81 1429.69 
1 12965.88 7530.53 34.00 34.00 34.00 671.87 835.94 1328.13 
1 12939.00 7495.22 40.00 39.00 39.00 1664.06 328.12 1554.69 
1 13000.58 7537.85 57.00 56.00 55.00 1929.69 1007.81 640.62 
1 13263.77 7684.72 48.00 48.00 46.00 1625.00 1687.50 1015.63 
1 13155.38 7614.98 41.00 41.00 41.00 828.12 1445.31 1625.00 
1 13068.80 7637.63 41.00 41.00 40.00 1804.69 1914.06 132.81 
1 12927.31 7413.98 35.00 34.00 33.00 1164.06 1312.50 226.56 
1 12979.88 7641.98 38.00 37.00 37.00 1671.87 1617.19 1789.06 
1 12977.40 7580.72 38.00 38.00 37.00 765.62 1804.69 273.44 
1 12959.85 7537.27 37.00 36.00 35.00 1320.31 1773.44 1601.56 
1 12862.83 7518.25 38.00 36.00 36.00 1734.37 1156.25 1460.94 
1 13098.36 7586.01 46.00 36.00 35.00 1000.00 125.00 1210.94 
1 13033.29 7536.17 73.00 63.00 62.00 1000.00 1898.44 914.06 
1 12805.94 7490.37 52.00 40.00 38.00 1000.00 1289.06 148.44 
1 13017.74 7540.82 54.00 42.00 42.00 1000.00 1335.94 1382.81 
1 12917.19 7498.80 48.00 35.00 35.00 1000.00 1179.69 1562.50 
2 12817.18 7524.02 57.00 46.00 45.00 1000.00 1156.25 1171.88 
2 12779.57 7509.68 46.00 31.00 31.00 1000.00 1734.37 1976.56 
2 13072.49 7568.02 51.00 40.00 39.00 1000.00 1367.19 1890.62 
2 13166.80 7729.83 53.00 40.00 38.00 1000.00 1695.31 1335.94 
2 12843.12 7594.63 51.00 38.00 38.00 1000.00 1125.00 1578.12 
2 13023.69 7640.53 52.00 40.00 40.00 1000.00 54.69 843.75 
2 12882.20 7475.34 50.00 38.00 37.00 1000.00 484.37 1632.81 
2 13052.51 7575.47 49.00 36.00 34.00 1000.00 1031.25 218.75 
2 12946.67 7625.08 52.00 40.00 39.00 1000.00 554.69 1109.38 
2 12831.71 7458.09 53.00 42.00 41.00 1000.00 1851.56 539.06 
2 12940.21 7583.76 52.00 41.00 38.00 1000.00 1140.63 656.25 
2 13226.54 7640.13 52.00 41.00 40.00 1000.00 1132.81 1546.87 
2 12914.68 7533.32 52.00 46.00 43.00 1000.00 750.00 1875.00 
2 12837.96 7558.15 52.00 44.00 44.00 1000.00 414.06 1726.56 
2 12957.57 7655.65 43.00 37.00 36.00 1000.00 1523.44 1617.19 
2 12971.44 7647.61 43.00 35.00 35.00 1000.00 625.00 1742.19 
2 13086.77 7554.54 45.00 38.00 38.00 1000.00 1695.31 1843.75 
2 12914.00 7594.28 45.00 37.00 37.00 1000.00 1500.00 1523.44 
2 12939.51 7550.11 50.00 39.00 39.00 1000.00 632.81 710.94 
2 13053.65 7675.73 56.00 46.00 44.00 1000.00 1750.00 70.31 
2 13110.36 7701.72 67.00 55.00 53.00 1000.00 1593.75 320.31 
2 13168.07 7705.08 52.00 40.00 38.00 1000.00 1585.94 1453.12 
2 12699.05 7533.08 60.00 45.00 45.00 1000.00 289.06 320.31 
2 12820.40 7449.99 56.00 43.00 42.00 1000.00 1875.00 734.37 
2 12814.96 7520.52 54.00 42.00 41.00 1000.00 1968.75 914.06 
2 12849.59 7528.69 49.00 37.00 36.00 1000.00 1960.94 1820.31 
2 12839.91 7547.86 48.00 35.00 34.00 1000.00 1632.81 1953.12 
2 13068.85 7570.13 50.00 38.00 37.00 1000.00 960.94 1695.31 
2 12751.73 7617.91 53.00 40.00 38.00 1000.00 1687.50 1054.69 
2 12885.80 7574.69 49.00 37.00 36.00 1000.00 1945.31 914.06 
2 12741.67 7480.75 50.00 37.00 36.00 1000.00 1585.94 132.81 
2 12915.64 7675.49 57.00 44.00 43.00 1000.00 695.31 500.00 
2 13019.97 7532.67 67.00 54.00 54.00 1000.00 812.50 1515.62 
2 12897.55 7610.77 54.00 41.00 41.00 1000.00 1679.69 1820.31 
2 12900.15 7595.02 47.00 38.00 38.00 1000.00 1500.00 1976.56 
2 12904.46 7581.13 53.00 43.00 42.00 1000.00 1070.31 1226.56 
2 13068.44 7699.09 46.00 34.00 34.00 1000.00 468.75 1101.56 
2 12687.25 7496.05 53.00 40.00 39.00 1000.00 335.94 117.19 
2 13223.87 7751.11 49.00 34.00 34.00 1000.00 867.19 1937.50 
2 12806.97 7512.47 51.00 38.00 36.00 1000.00 54.69 375.00 
2 12920.87 7738.82 51.00 38.00 36.00 1000.00 226.56 1289.06 
2 12962.90 7543.07 62.00 48.00 47.00 1000.00 1109.38 101.56 
2 13130.43 7738.22 64.00 51.00 51.00 1000.00 281.25 531.25 
2 13034.65 7672.10 57.00 44.00 43.00 1000.00 1101.56 578.12 
2 12948.37 7558.62 47.00 36.00 36.00 1000.00 1500.00 1851.56 
2 13100.17 7726.81 52.00 41.00 41.00 1000.00 546.87 1039.06 
2 13011.60 7636.11 47.00 37.00 36.00 1000.00 851.56 23.44 
2 12994.22 7636.35 47.00 36.00 36.00 1000.00 1382.81 1804.69 
2 12687.93 7524.21 53.00 42.00 42.00 1000.00 1828.12 1937.50 
2 12934.82 7622.49 55.00 48.00 47.00 1000.00 1773.44 468.75 
2 13116.53 7780.10 55.00 44.00 43.00 1000.00 687.50 1148.44 
2 12788.18 7588.34 47.00 36.00 36.00 1000.00 546.87 1632.81 
2 13024.11 7655.43 44.00 32.00 32.00 1000.00 132.81 226.56 
2 13016.32 7560.91 43.00 33.00 33.00 1000.00 296.87 1976.56 
2 13131.10 7707.90 45.00 38.00 37.00 1000.00 726.56 1781.25 
2 13047.85 7621.84 45.00 34.00 34.00 1000.00 500.00 593.75 
2 12857.07 7698.52 39.00 29.00 28.00 1000.00 1820.31 343.75 
2 13157.26 7695.80 53.00 42.00 42.00 1000.00 820.31 906.25 
2 12682.98 7511.32 47.00 35.00 35.00 1000.00 125.00 468.75 
2 12853.10 7617.23 44.00 34.00 34.00 1000.00 46.88 492.19 
2 12966.44 7658.66 59.00 49.00 49.00 1000.00 976.56 1242.19 
2 12931.10 7623.10 45.00 33.00 33.00 1000.00 578.12 757.81 
2 13116.58 7594.78 51.00 40.00 39.00 1000.00 1554.69 398.44 
2 13200.51 7704.27 46.00 34.00 34.00 1000.00 23.44 1031.25 
2 12961.80 7602.84 54.00 43.00 42.00 1000.00 1718.75 515.62 
2 13050.85 7638.55 47.00 36.00 34.00 1000.00 1406.25 718.75 
2 12836.49 7539.50 48.00 36.00 35.00 1000.00 593.75 203.12 
2 12981.08 7617.06 46.00 35.00 35.00 1000.00 234.37 578.12 
2 13107.18 7794.36 54.00 43.00 41.00 1000.00 31.25 718.75 
2 13059.76 7628.66 45.00 35.00 34.00 1000.00 1562.50 421.87 
2 12867.82 7589.36 51.00 41.00 41.00 1000.00 1570.31 1875.00 
2 12884.10 7624.24 57.00 48.00 47.00 1000.00 1382.81 632.81 
2 13007.25 7621.79 67.00 58.00 57.00 1000.00 1585.94 453.12 
2 13135.91 7643.57 50.00 43.00 42.00 1000.00 1085.94 1804.69 
2 12933.37 7569.20 53.00 45.00 42.00 1000.00 1882.81 1703.12 
2 12964.87 7627.98 47.00 40.00 38.00 1000.00 1937.50 1828.12 
2 12816.24 7484.63 48.00 38.00 38.00 1000.00 226.56 1367.19 
2 13032.24 7627.54 47.00 38.00 37.00 1000.00 1546.87 265.62 
2 12999.60 7683.21 44.00 35.00 34.00 1000.00 1429.69 1835.94 
2 13050.43 7659.40 63.00 53.00 52.00 1000.00 1781.25 875.00 
2 12777.63 7498.60 52.00 40.00 40.00 1000.00 210.94 687.50 
2 13123.61 7573.70 50.00 39.00 38.00 1000.00 1945.31 179.69 
2 13030.43 7654.65 57.00 47.00 46.00 1000.00 1984.37 851.56 
2 12669.23 7507.59 52.00 43.00 42.00 1000.00 1554.69 1031.25 
2 12960.80 7601.18 61.00 53.00 52.00 1000.00 1851.56 1445.31 
2 12981.74 7662.27 51.00 40.00 40.00 1000.00 867.19 937.50 
2 12911.73 7531.88 52.00 42.00 41.00 1000.00 1554.69 1257.81 
2 13092.21 7746.51 48.00 38.00 37.00 1000.00 1109.38 1085.94 
2 12682.32 7445.53 48.00 36.00 36.00 1000.00 304.69 734.37 
2 12852.25 7572.83 43.00 32.00 31.00 1000.00 1617.19 1835.94 
2 12899.78 7542.49 46.00 35.00 34.00 1000.00 1906.25 828.12 
2 12861.49 7495.01 52.00 42.00 41.00 1000.00 1023.44 312.50 
2 12939.75 7476.72 46.00 35.00 35.00 1000.00 1765.62 1828.12 
2 12972.68 7541.17 46.00 35.00 34.00 1000.00 875.00 390.62 
2 13111.20 7773.03 55.00 46.00 44.00 1000.00 1906.25 179.69 
2 12822.40 7517.40 50.00 41.00 40.00 1000.00 1898.44 1765.62 
2 13018.94 7693.25 53.00 43.00 43.00 1000.00 648.44 1109.38 
2 12983.95 7645.84 44.00 34.00 34.00 1000.00 1039.06 1906.25 
2 12932.59 7632.11 54.00 45.00 45.00 1000.00 23.44 437.50 
2 13084.32 7585.47 50.00 40.00 40.00 1000.00 898.44 1421.87 
2 13023.70 7676.27 70.00 61.00 60.00 1000.00 1281.25 1773.44 
2 13402.69 7762.01 42.00 32.00 32.00 1000.00 359.37 1570.31 
2 12998.55 7527.05 69.00 58.00 58.00 1000.00 1070.31 1359.38 
2 13129.16 7707.93 46.00 36.00 35.00 1000.00 1257.81 1281.25 
2 12837.99 7538.12 41.00 32.00 31.00 1000.00 1437.50 1906.25 
2 13020.82 7559.97 47.00 37.00 37.00 1000.00 468.75 1687.50 
2 13104.05 7536.38 50.00 40.00 40.00 1000.00 1554.69 1906.25 
2 13125.32 7625.45 54.00 44.00 44.00 1000.00 117.19 1421.87 
2 13111.38 7658.04 46.00 37.00 37.00 1000.00 835.94 1835.94 
2 13088.34 7660.61 51.00 39.00 39.00 1000.00 390.62 781.25 
2 12834.42 7396.51 47.00 37.00 36.00 1000.00 1281.25 851.56 
2 13011.23 7587.30 47.00 35.00 35.00 1000.00 585.94 1476.56 
2 12887.16 7514.35 49.00 38.00 36.00 1000.00 1406.25 359.37 
2 13237.68 7694.89 51.00 42.00 41.00 1000.00 1570.31 1695.31 
2 13056.04 7569.63 67.00 58.00 57.00 1000.00 1562.50 1375.00 
2 13005.72 7557.22 49.00 41.00 41.00 1000.00 195.31 210.94 
2 13148.43 7609.55 42.00 31.00 31.00 1000.00 179.69 1179.69 
2 12884.90 7481.38 56.00 45.00 44.00 1000.00 1445.31 828.12 
2 13229.61 7640.97 48.00 37.00 36.00 1000.00 1289.06 492.19 
2 13104.73 7596.89 47.00 37.00 36.00 1000.00 1929.69 695.31 
2 12983.20 7588.89 52.00 42.00 41.00 1000.00 1234.38 507.81 
2 12905.77 7676.08 42.00 32.00 31.00 1000.00 210.94 1664.06 
2 12835.46 7553.47 62.00 53.00 53.00 1000.00 820.31 1890.62 
2 13042.69 7661.05 49.00 41.00 39.00 1000.00 1859.37 1359.38 
2 13226.48 7775.62 46.00 35.00 34.00 1000.00 515.62 39.06 
2 13222.79 7589.39 69.00 58.00 57.00 1000.00 1882.81 1187.50 
2 12955.52 7565.63 53.00 43.00 41.00 1000.00 789.06 1250.00 
2 12945.89 7612.79 57.00 47.00 46.00 1000.00 421.87 1078.13 
2 13355.59 7771.35 46.00 35.00 35.00 1000.00 945.31 1898.44 
2 12779.69 7503.61 46.00 38.00 36.00 1000.00 1953.12 1484.37 
2 12822.50 7544.89 49.00 39.00 38.00 1000.00 882.81 1664.06 
2 12823.38 7574.33 53.00 43.00 43.00 1000.00 1257.81 1710.94 
2 12843.27 7559.97 41.00 29.00 29.00 1000.00 656.25 765.62 
2 12960.95 7565.36 56.00 49.00 48.00 1000.00 93.75 1312.50 
2 13010.65 7624.96 52.00 44.00 43.00 1000.00 1234.38 1562.50 
2 12966.85 7594.74 39.00 32.00 32.00 1000.00 1203.13 1585.94 
2 13224.87 7757.79 51.00 43.00 42.00 1000.00 1671.87 375.00 
2 12800.49 7544.41 49.00 42.00 42.00 1000.00 250.00 1125.00 
2 12984.85 7589.50 42.00 34.00 33.00 1000.00 1937.50 898.44 
2 13077.16 7513.97 50.00 41.00 40.00 1000.00 1695.31 1039.06 
2 13124.14 7633.22 62.00 52.00 51.00 1000.00 1835.94 1445.31 
2 13103.22 7684.06 46.00 35.00 34.00 1000.00 1257.81 1398.44 
2 13099.76 7523.09 51.00 39.00 38.00 1000.00 1898.44 828.12 
2 12734.48 7413.46 51.00 39.00 38.00 1000.00 820.31 1398.44 
2 13031.09 7618.75 58.00 47.00 46.00 1000.00 1429.69 1789.06 
2 12783.47 7548.23 54.00 43.00 42.00 1000.00 429.69 609.37 
2 12916.75 7597.67 50.00 39.00 39.00 1000.00 1085.94 1828.12 
2 13082.30 7652.13 44.00 36.00 35.00 1000.00 359.37 1289.06 
2 13112.97 7700.49 44.00 33.00 32.00 1000.00 1554.69 1953.12 
2 12938.51 7632.20 62.00 52.00 52.00 1000.00 1460.94 1554.69 
2 12783.34 7473.82 48.00 37.00 37.00 1000.00 429.69 1664.06 
2 12874.46 7494.89 48.00 38.00 37.00 1000.00 1804.69 1734.37 
2 13002.81 7543.04 49.00 41.00 37.00 1000.00 1890.62 250.00 
2 12950.46 7502.76 53.00 44.00 43.00 1000.00 1960.94 1140.63 
2 13176.48 7668.47 49.00 40.00 38.00 1000.00 1882.81 898.44 
2 13125.05 7616.39 51.00 39.00 39.00 1000.00 1507.81 1679.69 
2 13138.96 7638.45 56.00 46.00 45.00 1000.00 1960.94 765.62 
2 13070.34 7574.97 51.00 40.00 39.00 1000.00 273.44 601.56 
2 12862.79 7531.23 45.00 37.00 37.00 1000.00 1187.50 1507.81 
2 12819.71 7467.65 53.00 44.00 43.00 1000.00 1046.88 1601.56 
2 12980.77 7691.03 51.00 39.00 39.00 1000.00 1046.88 1351.56 
2 13223.11 7646.25 54.00 44.00 44.00 1000.00 109.37 1804.69 
2 12928.45 7595.73 44.00 34.00 34.00 1000.00 523.44 1445.31 
2 13071.88 7675.92 53.00 42.00 42.00 1000.00 1742.19 1757.81 
2 13035.24 7588.38 47.00 36.00 35.00 1000.00 1156.25 437.50 
2 12968.55 7648.55 51.00 39.00 39.00 1000.00 695.31 1835.94 
2 13056.71 7606.09 52.00 42.00 41.00 1000.00 1679.69 1781.25 
2 12939.75 7626.92 56.00 45.00 44.00 1000.00 1382.81 1984.37 
2 12805.95 7598.87 56.00 43.00 42.00 1000.00 1437.50 62.50 
2 12807.77 7516.37 52.00 40.00 39.00 1000.00 1421.87 773.44 
2 12990.74 7672.21 48.00 38.00 36.00 1000.00 1398.44 304.69 
2 13182.47 7642.70 47.00 35.00 33.00 1000.00 1453.12 1257.81 
2 12773.72 7497.34 55.00 40.00 40.00 1000.00 1242.19 1523.44 
2 12797.51 7533.15 51.00 40.00 37.00 1000.00 1914.06 601.56 
2 13047.18 7698.26 49.00 35.00 35.00 1000.00 539.06 1679.69 
2 12624.51 7495.68 59.00 45.00 45.00 1000.00 601.56 1484.37 
2 12945.66 7763.08 49.00 37.00 37.00 1000.00 1585.94 1960.94 
2 12911.74 7621.48 56.00 42.00 42.00 1000.00 1281.25 1312.50 
2 12937.09 7569.24 50.00 34.00 34.00 1000.00 1890.62 1945.31 
2 12753.40 7522.30 51.00 40.00 37.00 1000.00 921.87 1054.69 
2 12999.94 7516.88 51.00 39.00 38.00 1000.00 1710.94 1859.37 
2 12916.76 7573.50 48.00 37.00 36.00 1000.00 1351.56 695.31 
2 13142.81 7756.97 62.00 51.00 50.00 1000.00 1984.37 835.94 
2 13086.32 7638.38 53.00 39.00 39.00 1000.00 703.12 882.81 
2 12853.09 7554.92 54.00 41.00 40.00 1000.00 1156.25 1523.44 
2 12538.40 7445.23 64.00 51.00 51.00 1000.00 1406.25 1718.75 
2 12871.87 7543.44 48.00 33.00 33.00 1000.00 1757.81 1945.31 
2 12942.16 7573.14 51.00 38.00 38.00 1000.00 1023.44 1617.19 
2 13097.93 7616.91 58.00 47.00 47.00 1000.00 1429.69 1632.81 
2 13067.17 7619.60 55.00 46.00 44.00 1000.00 1750.00 1468.75 
2 13076.31 7545.01 49.00 38.00 36.00 1000.00 1898.44 320.31 
2 13160.40 7668.35 50.00 39.00 39.00 1000.00 718.75 1914.06 
2 13073.20 7499.49 59.00 48.00 45.00 1000.00 1359.38 1750.00 
2 12865.57 7562.07 51.00 37.00 37.00 1000.00 1460.94 1687.50 
2 12895.35 7479.64 48.00 36.00 34.00 1000.00 1507.81 1539.06 
2 13008.49 7555.02 50.00 36.00 35.00 1000.00 1648.44 203.12 
2 12936.17 7536.47 50.00 37.00 36.00 1000.00 695.31 648.44 
2 12868.52 7456.17 53.00 42.00 40.00 1000.00 1976.56 1117.19 
2 13165.41 7623.15 61.00 49.00 48.00 1000.00 1968.75 1906.25 
2 13170.38 7657.08 47.00 33.00 33.00 1000.00 234.37 570.31 
2 12887.67 7506.76 50.00 37.00 37.00 1000.00 93.75 609.37 
2 13017.25 7607.53 49.00 38.00 38.00 1000.00 1664.06 1953.12 
2 13120.41 7627.03 60.00 49.00 49.00 1000.00 1460.94 1773.44 
2 13273.63 7610.19 46.00 36.00 35.00 1000.00 1812.50 585.94 
2 13217.19 7581.33 46.00 33.00 33.00 1000.00 820.31 1218.75 
2 12988.03 7531.57 43.00 35.00 33.00 1000.00 945.31 1398.44 
2 13039.36 7517.45 53.00 42.00 41.00 1000.00 1585.94 1546.87 
2 13263.93 7705.50 44.00 36.00 34.00 1000.00 1906.25 687.50 
2 13396.94 7762.47 41.00 39.00 38.00 1718.75 1812.50 54.69 
2 13071.47 7633.73 34.00 34.00 33.00 1476.56 1523.44 1750.00 
2 13315.19 7781.66 49.00 49.00 49.00 1218.75 1765.62 1953.12 
2 13010.73 7642.98 38.00 38.00 38.00 1218.75 1453.12 1742.19 
3 13016.90 7650.33 47.00 45.00 45.00 1890.62 437.50 921.87 
3 13043.98 7522.86 35.00 34.00 34.00 1507.81 1117.19 1851.56 
3 12993.14 7552.93 40.00 39.00 38.00 1742.19 882.81 1078.13 
3 13094.67 7679.25 46.00 44.00 42.00 1890.62 1398.44 1070.31 
3 13110.64 7708.21 43.00 41.00 40.00 1148.44 828.12 906.25 
3 13063.81 7603.12 40.00 40.00 40.00 1242.19 1429.69 1507.81 
3 12942.86 7469.02 36.00 36.00 36.00 1695.31 1828.12 1937.50 
3 13027.94 7654.94 43.00 43.00 42.00 1835.94 1906.25 1164.06 
3 13177.76 7650.83 29.00 29.00 28.00 62.50 1562.50 1125.00 
3 12971.94 7621.21 38.00 35.00 35.00 1476.56 968.75 1828.12 
3 13183.60 7673.38 43.00 41.00 39.00 1960.94 1718.75 1257.81 
3 12932.57 7610.37 35.00 35.00 34.00 265.62 1273.44 156.25 
3 12854.96 7499.90 48.00 32.00 32.00 1296.88 703.12 1640.62 
3 13002.66 7480.68 51.00 36.00 35.00 1296.88 625.00 875.00 
3 12815.24 7521.30 61.00 46.00 46.00 1296.88 1140.63 1812.50 
3 12869.99 7564.25 60.00 45.00 45.00 1296.88 1070.31 1984.37 
3 12940.93 7447.02 52.00 38.00 37.00 1296.88 882.81 1500.00 
3 12850.17 7578.69 49.00 35.00 34.00 1296.88 1945.31 1382.81 
3 12754.86 7545.36 54.00 37.00 36.00 1296.88 1976.56 156.25 
3 12863.75 7480.59 54.00 39.00 36.00 1296.88 648.44 523.44 
3 12605.42 7393.95 62.00 47.00 45.00 1296.88 609.37 765.62 
3 12549.45 7370.17 60.00 44.00 42.00 1296.88 1382.81 70.31 
3 12766.42 7583.90 65.00 49.00 48.00 1296.88 1914.06 890.62 
3 12679.15 7394.19 57.00 41.00 40.00 1296.88 1609.37 695.31 
3 12788.16 7426.47 54.00 36.00 36.00 1296.88 523.44 601.56 
3 12789.82 7413.28 54.00 37.00 37.00 1296.88 437.50 976.56 
3 12655.26 7374.30 66.00 48.00 47.00 1296.88 1164.06 460.94 
3 12716.23 7429.39 53.00 35.00 34.00 1296.88 304.69 218.75 
3 12611.88 7441.08 55.00 39.00 36.00 1296.88 1570.31 1671.87 
3 12924.10 7547.72 59.00 42.00 41.00 1296.88 1453.12 851.56 
3 12877.84 7369.07 54.00 36.00 36.00 1296.88 468.75 1007.81 
3 12997.18 7690.37 54.00 37.00 37.00 1296.88 109.37 1968.75 
3 12952.15 7528.61 60.00 45.00 42.00 1296.88 125.00 921.87 
3 12806.85 7553.56 64.00 48.00 47.00 1296.88 1101.56 664.06 
3 12932.54 7510.24 65.00 49.00 48.00 1296.88 1851.56 234.37 
3 12822.69 7532.58 51.00 35.00 35.00 1296.88 148.44 1765.62 
3 12890.51 7545.79 58.00 41.00 41.00 1296.88 1187.50 1242.19 
3 12755.80 7376.04 56.00 39.00 38.00 1296.88 1250.00 93.75 
3 12596.82 7393.99 53.00 37.00 36.00 1296.88 1898.44 148.44 
3 12887.94 7370.50 57.00 38.00 38.00 1296.88 78.12 531.25 
3 13051.80 7598.38 58.00 41.00 41.00 1296.88 132.81 1523.44 
3 12685.05 7473.91 51.00 33.00 33.00 1296.88 1007.81 1148.44 
3 12791.73 7498.58 62.00 44.00 44.00 1296.88 1335.94 1882.81 
3 12915.28 7571.75 68.00 53.00 50.00 1296.88 1460.94 1585.94 
3 12619.82 7335.77 56.00 42.00 40.00 1296.88 351.56 1226.56 
3 12859.43 7448.25 60.00 43.00 43.00 1296.88 101.56 1593.75 
3 12620.72 7359.74 58.00 42.00 41.00 1296.88 1906.25 1593.75 
3 12888.16 7518.74 54.00 38.00 37.00 1296.88 718.75 1234.38 
3 12828.93 7492.11 59.00 41.00 41.00 1296.88 320.31 1937.50 
3 12570.53 7321.65 55.00 37.00 36.00 1296.88 1531.25 492.19 
3 12729.32 7430.25 63.00 47.00 44.00 1296.88 1617.19 1218.75 
3 12660.25 7483.31 51.00 32.00 32.00 1296.88 203.12 1460.94 
3 12774.95 7534.92 60.00 42.00 41.00 1296.88 54.69 476.56 
3 12837.15 7459.33 51.00 33.00 33.00 1296.88 421.87 1906.25 
3 12830.58 7447.21 57.00 39.00 38.00 1296.88 1546.87 953.12 
3 12697.91 7370.08 52.00 35.00 34.00 1296.88 1984.37 1882.81 
3 12704.42 7420.20 71.00 54.00 53.00 1296.88 1984.37 1492.19 
3 12583.60 7262.08 60.00 42.00 42.00 1296.88 375.00 1054.69 
3 12768.22 7318.16 54.00 37.00 37.00 1296.88 1421.87 1812.50 
3 12844.61 7356.02 52.00 34.00 33.00 1296.88 1070.31 601.56 
3 12969.21 7473.36 49.00 31.00 31.00 1296.88 953.12 1781.25 
3 12850.93 7374.74 52.00 36.00 34.00 1296.88 1179.69 789.06 
3 12595.09 7411.47 55.00 38.00 36.00 1296.88 1914.06 312.50 
3 13094.27 7490.59 55.00 37.00 36.00 1296.88 726.56 1718.75 
3 12742.38 7343.04 56.00 38.00 37.00 1296.88 562.50 765.62 
3 12845.41 7461.28 53.00 35.00 35.00 1296.88 492.19 1132.81 
3 12866.25 7446.03 54.00 36.00 35.00 1296.88 1734.37 1125.00 
3 12955.27 7368.77 60.00 42.00 41.00 1296.88 1960.94 304.69 
3 12856.51 7421.02 57.00 37.00 37.00 1296.88 562.50 742.19 
3 12727.03 7488.21 56.00 40.00 38.00 1296.88 1820.31 1656.25 
3 12890.25 7521.81 61.00 43.00 42.00 1296.88 671.87 1007.81 
3 12799.85 7480.27 63.00 46.00 44.00 1296.88 1117.19 1093.75 
3 12878.15 7482.11 50.00 33.00 32.00 1296.88 250.00 1796.87 
3 12857.80 7365.55 54.00 37.00 36.00 1296.88 789.06 1507.81 
3 12814.52 7467.70 58.00 40.00 38.00 1296.88 1273.44 1718.75 
3 12876.98 7366.95 61.00 43.00 42.00 1296.88 1375.00 757.81 
3 12761.72 7384.13 53.00 36.00 36.00 1296.88 484.37 546.87 
3 12928.24 7499.06 49.00 31.00 30.00 1296.88 1156.25 765.62 
3 12901.30 7523.21 53.00 36.00 35.00 1296.88 1601.56 484.37 
3 12820.27 7436.17 79.00 65.00 65.00 1296.88 1343.75 1859.37 
3 12832.89 7421.25 60.00 43.00 42.00 1296.88 1000.00 1515.62 
3 13030.21 7594.81 54.00 39.00 38.00 1296.88 1953.12 195.31 
3 12984.97 7526.63 57.00 39.00 38.00 1296.88 531.25 257.81 
3 13138.19 7640.71 56.00 41.00 41.00 1296.88 1320.31 1531.25 
3 12854.06 7470.94 58.00 42.00 40.00 1296.88 1140.63 78.12 
3 13123.05 7689.56 58.00 43.00 41.00 1296.88 1914.06 312.50 
3 12926.53 7456.23 67.00 51.00 51.00 1296.88 1250.00 1843.75 
3 12892.59 7512.12 46.00 31.00 30.00 1296.88 1734.37 1757.81 
3 12759.99 7487.81 63.00 46.00 46.00 1296.88 1015.63 1046.88 
3 12734.88 7365.83 69.00 52.00 52.00 1296.88 601.56 875.00 
3 12889.30 7456.86 54.00 37.00 37.00 1296.88 781.25 976.56 
3 12896.26 7567.33 50.00 37.00 35.00 1296.88 1757.81 1132.81 
3 13095.36 7710.19 53.00 37.00 37.00 1296.88 1109.38 1710.94 
3 12613.94 7454.36 48.00 34.00 33.00 1296.88 1757.81 429.69 
3 12704.92 7520.77 52.00 37.00 36.00 1296.88 273.44 1156.25 
3 12805.65 7526.21 47.00 35.00 35.00 1296.88 281.25 1203.13 
3 12907.29 7602.34 50.00 38.00 38.00 1296.88 351.56 1539.06 
3 13056.06 7664.79 48.00 34.00 33.00 1296.88 789.06 398.44 
3 12894.38 7526.27 68.00 55.00 54.00 1296.88 656.25 382.81 
3 13029.60 7672.59 48.00 34.00 33.00 1296.88 937.50 1492.19 
3 12924.33 7578.11 57.00 45.00 44.00 1296.88 109.37 906.25 
3 12489.88 7492.49 54.00 44.00 42.00 1296.88 1593.75 1648.44 
3 12677.52 7465.37 69.00 56.00 55.00 1296.88 1914.06 132.81 
3 12902.56 7558.62 48.00 35.00 34.00 1296.88 515.62 140.62 
3 12765.48 7580.52 64.00 52.00 51.00 1296.88 1648.44 46.88 
3 12769.90 7497.24 56.00 44.00 42.00 1296.88 93.75 757.81 
3 12729.97 7470.46 51.00 38.00 37.00 1296.88 757.81 671.87 
3 12568.34 7568.10 53.00 39.00 38.00 1296.88 664.06 39.06 
3 13008.04 7734.50 65.00 52.00 51.00 1296.88 1640.62 171.87 
3 12808.88 7523.80 50.00 39.00 36.00 1296.88 1054.69 828.12 
3 13308.98 7801.99 45.00 33.00 32.00 1296.88 1367.19 62.50 
3 13080.42 7722.73 63.00 51.00 49.00 1296.88 1710.94 367.19 
3 13129.49 7662.15 51.00 39.00 39.00 1296.88 281.25 335.94 
3 13290.05 7880.66 49.00 37.00 36.00 1296.88 70.31 1117.19 
3 12953.50 7658.63 46.00 35.00 34.00 1296.88 1632.81 640.62 
3 12992.11 7657.34 53.00 40.00 40.00 1296.88 1781.25 1984.37 
3 12792.93 7616.44 52.00 41.00 40.00 1296.88 890.62 1468.75 
3 12781.12 7453.38 47.00 34.00 34.00 1296.88 1710.94 1773.44 
3 12703.37 7504.66 46.00 33.00 33.00 1296.88 1398.44 1953.12 
3 12753.47 7516.01 53.00 41.00 40.00 1296.88 195.31 1718.75 
3 12790.36 7512.22 59.00 48.00 47.00 1296.88 46.88 1531.25 
3 12957.02 7604.42 68.00 56.00 55.00 1296.88 250.00 1195.31 
3 12938.95 7736.12 66.00 53.00 52.00 1296.88 1179.69 257.81 
3 12763.05 7513.76 45.00 31.00 31.00 1296.88 476.56 867.19 
3 12986.45 7665.25 56.00 41.00 41.00 1296.88 937.50 1179.69 
3 13054.69 7699.97 48.00 35.00 35.00 1304.69 664.06 1148.44 
3 12801.10 7457.40 52.00 41.00 40.00 1296.88 1375.00 1640.62 
3 12928.77 7578.02 52.00 40.00 40.00 1296.88 898.44 1781.25 
3 12694.05 7427.84 45.00 32.00 31.00 1296.88 265.62 843.75 
3 12998.67 7689.19 47.00 36.00 35.00 1296.88 1593.75 39.06 
3 12806.29 7416.36 50.00 38.00 37.00 1296.88 1796.87 164.06 
3 12869.78 7474.32 55.00 43.00 43.00 1296.88 1335.94 1773.44 
3 12881.74 7542.27 61.00 48.00 47.00 1296.88 1882.81 976.56 
3 12700.75 7397.13 73.00 61.00 60.00 1296.88 70.31 570.31 
3 12558.37 7437.26 58.00 46.00 45.00 1296.88 1679.69 343.75 
3 13072.08 7649.70 48.00 35.00 35.00 1296.88 179.69 1226.56 
3 12454.96 7403.76 45.00 33.00 31.00 1296.88 117.19 46.88 
3 12631.43 7365.05 55.00 41.00 41.00 1296.88 62.50 429.69 
3 12736.63 7457.17 53.00 41.00 40.00 1296.88 1687.50 984.37 
3 13113.97 7687.03 50.00 36.00 36.00 1296.88 1171.88 1976.56 
3 12716.75 7515.53 54.00 43.00 42.00 1296.88 1218.75 218.75 
3 12847.92 7381.94 50.00 36.00 36.00 1296.88 31.25 1476.56 
3 12968.45 7657.64 45.00 33.00 31.00 1296.88 1601.56 320.31 
3 12965.90 7656.40 57.00 44.00 44.00 1296.88 859.37 1445.31 
3 12842.06 7575.95 48.00 35.00 33.00 1296.88 1015.63 296.87 
3 12987.42 7706.96 69.00 54.00 54.00 1296.88 992.19 1570.31 
3 12852.29 7608.18 52.00 39.00 39.00 1296.88 195.31 1882.81 
3 12928.43 7559.31 51.00 37.00 36.00 1296.88 187.50 132.81 
3 12652.05 7541.86 53.00 38.00 38.00 1296.88 1320.31 1648.44 
3 12915.51 7614.54 47.00 34.00 34.00 1296.88 1070.31 1773.44 
3 12691.85 7487.55 48.00 34.00 34.00 1296.88 203.12 695.31 
3 12625.50 7422.44 53.00 40.00 39.00 1296.88 1031.25 1789.06 
3 12800.95 7605.11 68.00 55.00 55.00 1296.88 375.00 1789.06 
3 12890.68 7599.76 60.00 45.00 45.00 1296.88 1070.31 1796.87 
3 12786.62 7547.14 61.00 50.00 48.00 1296.88 1796.87 742.19 
3 13037.88 7697.90 58.00 45.00 43.00 1296.88 656.25 742.19 
3 12818.43 7645.81 60.00 47.00 46.00 1296.88 625.00 648.44 
3 13047.44 7659.88 56.00 40.00 38.00 1296.88 1750.00 648.44 
3 12689.86 7413.93 60.00 43.00 42.00 1296.88 1953.12 1625.00 
3 12634.75 7304.94 51.00 32.00 32.00 1296.88 429.69 1804.69 
3 12373.26 7158.46 59.00 41.00 41.00 1296.88 1492.19 1773.44 
3 12820.63 7451.12 71.00 54.00 53.00 1296.88 1218.75 320.31 
3 13010.15 7572.71 61.00 42.00 42.00 1296.88 1054.69 1945.31 
3 12650.73 7525.36 54.00 37.00 36.00 1296.88 1937.50 1078.13 
3 12575.29 7427.44 52.00 36.00 36.00 1296.88 1125.00 1796.87 
3 12689.69 7339.66 60.00 45.00 45.00 1296.88 1226.56 1859.37 
3 12750.75 7424.93 51.00 37.00 36.00 1296.88 960.94 1406.25 
3 12881.06 7457.72 50.00 34.00 33.00 1296.88 39.06 812.50 
3 12771.52 7513.82 50.00 34.00 34.00 1296.88 757.81 976.56 
3 12892.10 7541.26 61.00 46.00 44.00 1296.88 968.75 1062.50 
3 12795.99 7486.63 49.00 33.00 33.00 1296.88 765.62 937.50 
3 12776.12 7435.45 61.00 43.00 43.00 1296.88 804.69 984.37 
3 12825.73 7529.73 68.00 52.00 52.00 1296.88 1351.56 1898.44 
3 12769.62 7494.49 59.00 41.00 41.00 1296.88 140.62 585.94 
3 12698.43 7452.66 58.00 42.00 41.00 1296.88 484.37 1421.87 
3 12958.03 7516.29 56.00 39.00 38.00 1296.88 1843.75 1226.56 
3 12912.56 7491.04 56.00 40.00 40.00 1296.88 710.94 1382.81 
3 12854.57 7581.11 56.00 41.00 41.00 1296.88 70.31 914.06 
3 12769.98 7529.48 55.00 40.00 40.00 1296.88 39.06 1109.38 
3 12831.11 7540.54 59.00 46.00 46.00 1296.88 1031.25 1757.81 
3 12982.25 7628.15 50.00 36.00 36.00 1296.88 1070.31 1812.50 
3 12537.29 7523.03 46.00 33.00 32.00 1296.88 1734.37 382.81 
3 12939.62 7645.48 48.00 33.00 33.00 1296.88 328.12 710.94 
3 12746.60 7540.79 62.00 47.00 46.00 1296.88 1796.87 1984.37 
3 12918.85 7637.38 52.00 35.00 34.00 1296.88 140.62 312.50 
3 12990.82 7494.85 49.00 34.00 33.00 1296.88 1085.94 460.94 
3 12821.42 7533.45 52.00 36.00 36.00 1296.88 1703.12 1867.19 
3 12972.36 7552.81 53.00 36.00 36.00 1296.88 62.50 351.56 
3 12927.19 7517.64 56.00 41.00 41.00 1296.88 1093.75 1367.19 
3 12910.71 7527.00 55.00 40.00 39.00 1296.88 937.50 1617.19 
3 13087.77 7517.01 54.00 40.00 39.00 1296.88 343.75 1828.12 
3 13116.79 7559.86 51.00 37.00 36.00 1296.88 1914.06 1664.06 
3 12806.15 7349.30 43.00 30.00 28.00 1296.88 1703.12 460.94 
3 12998.78 7553.51 50.00 37.00 36.00 1296.88 1687.50 1023.44 
3 12956.12 7488.89 55.00 43.00 41.00 1296.88 1914.06 1937.50 
3 12973.16 7479.05 61.00 50.00 49.00 1296.88 1234.38 164.06 
3 12974.03 7423.75 54.00 43.00 41.00 1296.88 1890.62 1632.81 
3 13020.66 7531.88 51.00 39.00 37.00 1296.88 1445.31 804.69 
3 12773.58 7427.67 51.00 37.00 37.00 1296.88 218.75 539.06 
3 13042.67 7544.67 46.00 33.00 33.00 1296.88 171.87 1109.38 
3 13258.46 7629.71 50.00 37.00 36.00 1296.88 523.44 1375.00 
3 12952.35 7550.81 52.00 39.00 39.00 1296.88 195.31 242.19 
3 13086.11 7584.82 50.00 39.00 36.00 1296.88 1851.56 1062.50 
3 13027.23 7648.15 48.00 37.00 36.00 1296.88 1179.69 1757.81 
3 12892.61 7595.49 52.00 37.00 37.00 1296.88 453.12 1132.81 
3 12958.62 7472.14 45.00 32.00 32.00 1296.88 304.69 1531.25 
3 13145.14 7636.19 42.00 38.00 37.00 1296.88 1328.13 1570.31 
3 13095.61 7653.26 37.00 37.00 35.00 437.50 1093.75 257.81 
3 12929.54 7562.71 39.00 38.00 38.00 1976.56 1031.25 1273.44 
3 13007.36 7469.35 50.00 49.00 47.00 1718.75 1375.00 382.81 
3 13162.77 7658.50 38.00 38.00 36.00 1476.56 1750.00 656.25 
3 12928.82 7550.90 42.00 42.00 42.00 195.31 437.50 1593.75 
3 13066.21 7569.87 36.00 35.00 34.00 914.06 1000.00 257.81 
3 13154.97 7582.47 37.00 37.00 35.00 1257.81 1773.44 500.00 
3 13043.20 7550.19 36.00 35.00 35.00 1742.19 1078.13 1406.25 
3 13180.31 7713.16 38.00 37.00 36.00 328.12 1601.56 492.19 
3 12938.12 7498.82 36.00 35.00 35.00 1703.12 1437.50 1476.56 
3 13055.99 7465.66 61.00 45.00 45.00 1601.56 1218.75 1898.44 
3 12805.72 7337.68 53.00 36.00 36.00 1601.56 1468.75 1742.19 
4 13079.97 7622.06 54.00 36.00 35.00 1601.56 476.56 546.87 
4 12904.16 7555.84 62.00 47.00 47.00 1601.56 695.31 1750.00 
4 12962.89 7549.10 50.00 33.00 33.00 1601.56 617.19 1984.37 
4 13129.48 7679.81 53.00 40.00 36.00 1601.56 1726.56 1390.63 
4 13049.34 7639.82 54.00 41.00 40.00 1601.56 148.44 1023.44 
4 12840.70 7452.02 56.00 42.00 41.00 1601.56 1820.31 796.87 
4 13038.19 7602.59 55.00 44.00 43.00 1601.56 773.44 1210.94 
4 12980.58 7571.61 47.00 36.00 34.00 1601.56 1406.25 671.87 
4 13087.64 7673.09 54.00 40.00 40.00 1601.56 1179.69 1304.69 
4 12695.55 7488.15 56.00 42.00 41.00 1601.56 1039.06 1304.69 
4 12783.90 7474.93 48.00 31.00 30.00 1601.56 1101.56 718.75 
4 12899.76 7578.97 82.00 64.00 64.00 1601.56 812.50 984.37 
4 12928.46 7510.43 68.00 53.00 52.00 1601.56 976.56 1023.44 
4 12772.01 7495.63 50.00 35.00 33.00 1601.56 750.00 718.75 
4 13035.14 7630.26 58.00 42.00 40.00 1601.56 1734.37 531.25 
4 12751.58 7602.87 52.00 37.00 35.00 1601.56 1781.25 1679.69 
4 13270.25 7675.00 75.00 58.00 58.00 1601.56 1296.88 1437.50 
4 13003.23 7684.29 58.00 43.00 42.00 1601.56 1687.50 250.00 
4 13051.82 7651.32 58.00 46.00 44.00 1601.56 1710.94 179.69 
4 12767.79 7609.80 49.00 37.00 37.00 1601.56 695.31 1171.88 
4 13057.24 7639.50 57.00 46.00 46.00 1601.56 1820.31 1921.87 
4 13188.69 7872.03 62.00 49.00 48.00 1601.56 125.00 984.37 
4 12886.25 7562.10 50.00 38.00 38.00 1601.56 1421.87 1937.50 
4 12816.54 7477.85 59.00 48.00 48.00 1601.56 1218.75 1351.56 
4 13059.65 7607.16 52.00 40.00 39.00 1601.56 648.44 351.56 
4 12957.89 7580.38 54.00 40.00 39.00 1601.56 1859.37 742.19 
4 12869.50 7520.94 50.00 37.00 36.00 1601.56 1890.62 703.12 
4 12950.89 7594.55 49.00 36.00 34.00 1601.56 1757.81 1820.31 
4 12718.51 7463.19 49.00 33.00 32.00 1601.56 968.75 1046.88 
4 12628.44 7379.14 53.00 39.00 37.00 1601.56 789.06 640.62 
4 12952.17 7566.67 58.00 41.00 41.00 1601.56 617.19 953.12 
4 13050.51 7570.56 59.00 42.00 42.00 1601.56 85.94 578.12 
4 12848.42 7400.94 61.00 44.00 44.00 1601.56 625.00 1671.87 
4 12490.16 7333.64 61.00 45.00 44.00 1601.56 1937.50 507.81 
4 12756.33 7485.43 71.00 55.00 55.00 1601.56 1695.31 1945.31 
4 12811.39 7432.20 60.00 46.00 45.00 1601.56 609.37 1039.06 
4 12716.21 7528.57 61.00 45.00 45.00 1601.56 78.12 390.62 
4 13141.83 7526.27 53.00 40.00 38.00 1601.56 1445.31 23.44 
4 12595.96 7417.12 53.00 42.00 41.00 1601.56 1742.19 843.75 
4 12771.67 7618.01 54.00 41.00 39.00 1601.56 937.50 1093.75 
4 12994.98 7587.23 52.00 38.00 37.00 1601.56 1976.56 898.44 
4 13174.78 7705.53 58.00 45.00 45.00 1601.56 890.62 1218.75 
4 12556.22 7557.44 56.00 45.00 43.00 1601.56 1632.81 554.69 
4 13267.96 7782.31 48.00 37.00 35.00 1601.56 351.56 1414.06 
4 12956.46 7532.00 51.00 37.00 36.00 1601.56 1296.88 562.50 
4 12889.31 7669.69 46.00 33.00 31.00 1601.56 554.69 492.19 
4 12762.89 7472.64 53.00 40.00 39.00 1601.56 773.44 1453.12 
4 12851.25 7498.63 61.00 48.00 48.00 1601.56 1359.38 1664.06 
4 13275.66 7698.48 59.00 46.00 45.00 1601.56 1296.88 1726.56 
4 12953.02 7619.83 51.00 37.00 36.00 1601.56 1750.00 1648.44 
4 13123.83 7526.53 46.00 33.00 32.00 1601.56 960.94 265.62 
4 12985.84 7557.96 46.00 33.00 32.00 1601.56 1460.94 1078.13 
4 13215.18 7651.57 49.00 37.00 37.00 1601.56 429.69 484.37 
4 13016.78 7620.44 52.00 41.00 39.00 1601.56 1343.75 656.25 
4 13120.55 7569.23 65.00 52.00 52.00 1601.56 1085.94 1296.88 
4 13157.37 7645.78 55.00 42.00 41.00 1601.56 1640.62 218.75 
4 13049.98 7450.88 48.00 37.00 36.00 1601.56 1421.87 1867.19 
4 13197.66 7678.38 51.00 40.00 38.00 1601.56 351.56 945.31 
4 12948.69 7571.84 66.00 54.00 53.00 1601.56 1085.94 1164.06 
4 13227.02 7667.18 50.00 38.00 36.00 1601.56 1921.87 1226.56 
4 13140.38 7549.05 60.00 46.00 46.00 1601.56 531.25 804.69 
4 12997.29 7432.57 49.00 36.00 36.00 1601.56 1296.88 1375.00 
4 13105.02 7580.53 58.00 45.00 44.00 1601.56 1343.75 1109.38 
4 12919.26 7503.43 52.00 38.00 37.00 1601.56 1234.38 93.75 
4 12965.85 7522.51 57.00 43.00 42.00 1601.56 1523.44 1937.50 
4 12964.49 7525.73 49.00 36.00 34.00 1601.56 132.81 1968.75 
4 12961.04 7524.05 45.00 30.00 30.00 1601.56 515.62 1273.44 
4 13089.64 7530.64 49.00 33.00 33.00 1601.56 921.87 1320.31 
4 13008.83 7484.62 53.00 38.00 38.00 1601.56 1820.31 1875.00 
4 13130.83 7541.97 47.00 34.00 33.00 1601.56 1234.38 1078.13 
4 12929.99 7445.94 48.00 34.00 33.00 1601.56 1671.87 117.19 
4 13050.19 7589.17 49.00 37.00 36.00 1601.56 882.81 1835.94 
4 12837.37 7426.81 60.00 47.00 46.00 1601.56 1406.25 1914.06 
4 12848.25 7417.54 50.00 36.00 35.00 1601.56 375.00 750.00 
4 12830.90 7531.37 48.00 32.00 32.00 1601.56 929.69 1460.94 
4 13045.52 7641.85 50.00 37.00 36.00 1601.56 1351.56 343.75 
4 12835.08 7463.74 48.00 34.00 34.00 1601.56 312.50 1671.87 
4 12700.14 7377.60 51.00 37.00 37.00 1601.56 1085.94 1796.87 
4 12946.71 7492.50 53.00 40.00 38.00 1601.56 1875.00 804.69 
4 12975.79 7612.40 58.00 42.00 42.00 1601.56 250.00 1023.44 
4 13117.51 7588.42 64.00 51.00 50.00 1601.56 1984.37 1023.44 
4 12924.03 7507.59 54.00 39.00 39.00 1601.56 1437.50 1867.19 
4 12787.71 7495.56 51.00 37.00 36.00 1601.56 1007.81 390.62 
4 12707.42 7441.16 52.00 39.00 37.00 1601.56 1804.69 1398.44 
4 12856.49 7507.42 49.00 33.00 33.00 1601.56 171.87 312.50 
4 12892.68 7525.05 54.00 40.00 38.00 1601.56 1164.06 453.12 
4 12891.18 7598.56 48.00 32.00 32.00 1601.56 609.37 1281.25 
4 12798.42 7564.37 48.00 33.00 33.00 1601.56 414.06 953.12 
4 12813.17 7562.06 60.00 45.00 45.00 1601.56 1281.25 1875.00 
4 12742.90 7416.04 54.00 39.00 39.00 1601.56 929.69 1250.00 
4 13268.86 7779.10 54.00 41.00 40.00 1601.56 460.94 1578.12 
4 12739.00 7451.51 48.00 32.00 32.00 1601.56 210.94 1156.25 
4 12928.83 7567.65 57.00 42.00 42.00 1601.56 257.81 921.87 
4 12875.98 7572.31 50.00 35.00 35.00 1601.56 1414.06 1835.94 
4 12925.92 7605.44 62.00 47.00 47.00 1601.56 242.19 1734.37 
4 12705.28 7564.15 62.00 47.00 47.00 1601.56 1218.75 1765.62 
4 12655.51 7513.90 50.00 36.00 35.00 1601.56 1242.19 750.00 
4 12890.27 7596.90 48.00 33.00 33.00 1601.56 93.75 1265.63 
4 12987.21 7553.15 50.00 35.00 34.00 1601.56 1570.31 523.44 
4 13018.49 7652.71 52.00 38.00 38.00 1601.56 1039.06 1328.13 
4 12980.86 7530.76 55.00 41.00 40.00 1601.56 1132.81 273.44 
4 12892.95 7362.44 47.00 34.00 34.00 1601.56 1164.06 1187.50 
4 12953.53 7498.16 52.00 41.00 37.00 1601.56 851.56 437.50 
4 12867.48 7514.14 50.00 36.00 36.00 1601.56 375.00 1000.00 
4 13261.27 7598.62 54.00 39.00 38.00 1601.56 1953.12 890.62 
4 13127.30 7582.54 53.00 40.00 39.00 1601.56 460.94 62.50 
4 12931.14 7490.17 48.00 37.00 36.00 1601.56 1828.12 765.62 
4 12871.30 7507.19 51.00 38.00 38.00 1601.56 1398.44 1828.12 
4 13052.98 7634.09 50.00 39.00 38.00 1601.56 1984.37 1289.06 
4 12957.76 7514.61 51.00 38.00 36.00 1601.56 1859.37 1695.31 
4 12807.94 7563.43 70.00 56.00 55.00 1601.56 70.31 1460.94 
4 12974.35 7641.03 61.00 45.00 45.00 1601.56 117.19 820.31 
4 12715.26 7522.12 62.00 47.00 46.00 1601.56 156.25 78.12 
4 12800.91 7538.72 51.00 36.00 35.00 1601.56 1117.19 585.94 
4 12611.97 7479.78 57.00 42.00 42.00 1601.56 1187.50 1781.25 
4 12688.97 7587.33 52.00 36.00 35.00 1601.56 250.00 31.25 
4 12840.84 7547.33 58.00 43.00 43.00 1601.56 148.44 328.12 
4 12720.90 7471.22 64.00 50.00 49.00 1601.56 328.12 31.25 
4 12666.19 7472.36 61.00 50.00 50.00 1601.56 1039.06 1468.75 
4 12986.54 7670.55 53.00 42.00 41.00 1601.56 1054.69 1726.56 
4 13212.75 7622.62 46.00 35.00 32.00 1601.56 1507.81 812.50 
4 13303.21 7625.40 48.00 36.00 34.00 1601.56 1695.31 1007.81 
4 13062.35 7525.20 52.00 40.00 40.00 1601.56 1664.06 1921.87 
4 13170.68 7524.76 59.00 46.00 46.00 1601.56 875.00 1437.50 
4 13140.88 7725.62 53.00 42.00 41.00 1601.56 1742.19 1281.25 
4 13495.58 7704.10 50.00 38.00 38.00 1601.56 1546.87 1664.06 
4 13280.55 7714.66 54.00 40.00 39.00 1601.56 1109.38 265.62 
4 13080.66 7550.92 49.00 35.00 34.00 1601.56 1750.00 1773.44 
4 13027.53 7548.28 61.00 46.00 43.00 1601.56 132.81 710.94 
4 13211.16 7520.14 52.00 37.00 36.00 1601.56 1429.69 1718.75 
4 13271.31 7505.46 59.00 42.00 42.00 1601.56 1546.87 1710.94 
4 13325.52 7426.48 61.00 45.00 44.00 1601.56 1531.25 421.87 
4 12938.06 7420.65 54.00 37.00 36.00 1601.56 992.19 171.87 
4 13022.71 7474.43 60.00 44.00 43.00 1601.56 1468.75 1250.00 
4 13333.87 7652.66 52.00 36.00 36.00 1601.56 515.62 851.56 
4 13450.69 7648.33 53.00 37.00 36.00 1601.56 1343.75 390.62 
4 13285.16 7637.75 54.00 39.00 38.00 1601.56 1703.12 765.62 
4 12978.43 7487.23 55.00 41.00 41.00 1601.56 1453.12 1679.69 
4 13109.43 7530.24 53.00 39.00 38.00 1601.56 1828.12 289.06 
4 13309.27 7601.12 51.00 35.00 35.00 1601.56 265.62 1882.81 
4 13175.83 7670.97 56.00 39.00 39.00 1601.56 398.44 1085.94 
4 13230.37 7682.69 53.00 38.00 38.00 1601.56 468.75 1257.81 
4 13519.05 7640.77 52.00 36.00 35.00 1601.56 1523.44 1117.19 
4 13363.11 7696.13 56.00 41.00 41.00 1601.56 1109.38 1445.31 
4 13200.14 7578.91 54.00 41.00 41.00 1601.56 1578.12 1765.62 
4 13243.54 7771.81 54.00 41.00 41.00 1601.56 1179.69 1226.56 
4 13257.84 7594.53 49.00 37.00 36.00 1601.56 1671.87 273.44 
4 13212.88 7616.55 45.00 32.00 32.00 1601.56 781.25 1164.06 
4 12970.08 7585.37 57.00 43.00 42.00 1601.56 1835.94 265.62 
4 13227.22 7612.29 56.00 40.00 40.00 1601.56 664.06 710.94 
4 13073.58 7443.55 68.00 52.00 51.00 1601.56 1328.13 1492.19 
4 13212.27 7595.74 65.00 51.00 48.00 1601.56 1664.06 1062.50 
4 13063.58 7559.76 63.00 47.00 46.00 1601.56 1773.44 1375.00 
4 13076.81 7613.08 53.00 39.00 37.00 1601.56 1757.81 1554.69 
4 13051.49 7538.54 56.00 40.00 39.00 1601.56 898.44 1031.25 
4 13029.39 7476.51 45.00 31.00 30.00 1601.56 1875.00 1062.50 
4 13014.23 7455.25 57.00 43.00 41.00 1601.56 1976.56 296.87 
4 13139.43 7611.03 53.00 37.00 36.00 1601.56 1875.00 1421.87 
4 13055.82 7583.34 47.00 32.00 32.00 1601.56 757.81 906.25 
4 13010.87 7589.85 55.00 39.00 37.00 1601.56 140.62 257.81 
4 12905.10 7494.86 56.00 41.00 40.00 1601.56 1812.50 140.62 
4 13192.45 7588.01 61.00 46.00 45.00 1601.56 1843.75 1304.69 
4 13205.69 7673.59 53.00 38.00 38.00 1601.56 734.37 1507.81 
4 13148.84 7547.46 59.00 45.00 44.00 1601.56 1695.31 1218.75 
4 13076.64 7665.43 62.00 48.00 48.00 1601.56 1468.75 1656.25 
4 13086.10 7654.47 48.00 36.00 35.00 1601.56 1125.00 757.81 
4 12948.95 7496.12 49.00 38.00 37.00 1601.56 1867.19 1921.87 
4 13133.34 7606.44 51.00 37.00 35.00 1601.56 757.81 929.69 
4 13034.67 7611.66 57.00 43.00 43.00 1601.56 218.75 1507.81 
4 13137.99 7662.45 57.00 43.00 42.00 1601.56 515.62 867.19 
4 13156.78 7565.19 53.00 38.00 38.00 1601.56 937.50 1828.12 
4 13172.36 7574.09 63.00 50.00 49.00 1601.56 1312.50 1781.25 
4 12958.36 7537.09 55.00 41.00 40.00 1601.56 1578.12 390.62 
4 13069.79 7592.88 51.00 39.00 37.00 1601.56 1296.88 1984.37 
4 12972.88 7632.69 51.00 38.00 37.00 1601.56 812.50 54.69 
4 12937.66 7528.20 63.00 52.00 50.00 1601.56 1125.00 1734.37 
4 13029.74 7523.01 49.00 35.00 33.00 1601.56 1492.19 390.62 
4 13100.12 7667.01 54.00 39.00 39.00 1601.56 1390.63 1898.44 
4 13093.45 7677.30 49.00 37.00 36.00 1601.56 1484.37 1015.63 
4 12969.43 7550.79 57.00 44.00 42.00 1601.56 1851.56 85.94 
4 13054.62 7589.55 50.00 37.00 36.00 1601.56 1335.94 539.06 
4 13055.30 7524.91 53.00 39.00 39.00 1601.56 1718.75 1937.50 
4 13181.75 7634.98 51.00 38.00 38.00 1601.56 460.94 703.12 
4 13017.59 7592.05 50.00 38.00 37.00 1601.56 1828.12 1242.19 
4 13059.52 7684.22 49.00 36.00 36.00 1601.56 1765.62 1937.50 
4 13072.10 7582.51 52.00 41.00 40.00 1601.56 1953.12 1640.62 
4 12933.15 7513.38 46.00 32.00 32.00 1601.56 554.69 867.19 
4 12964.92 7633.20 56.00 44.00 43.00 1601.56 1726.56 1960.94 
4 13057.64 7625.45 47.00 35.00 34.00 1601.56 750.00 773.44 
4 12965.79 7564.55 51.00 39.00 38.00 1601.56 867.19 1421.87 
4 12960.88 7588.46 46.00 33.00 32.00 1601.56 812.50 117.19 
4 12946.92 7619.99 51.00 40.00 39.00 1601.56 1875.00 1617.19 
4 13002.91 7559.11 46.00 34.00 32.00 1601.56 1898.44 609.37 
4 12898.72 7593.96 55.00 40.00 40.00 1601.56 671.87 765.62 
4 13120.94 7713.62 53.00 37.00 37.00 1601.56 1625.00 1953.12 
4 12647.32 7330.20 53.00 38.00 37.00 1601.56 1398.44 1523.44 
4 13146.45 7638.78 54.00 39.00 39.00 1601.56 687.50 1343.75 
4 13227.92 7707.38 56.00 40.00 39.00 1601.56 1726.56 1773.44 
4 12856.08 7617.07 55.00 38.00 38.00 1601.56 1625.00 1945.31 
4 13084.09 7576.69 62.00 46.00 46.00 1601.56 1367.19 1960.94 
4 12861.29 7549.55 55.00 38.00 37.00 1601.56 1953.12 804.69 
4 12960.33 7569.10 60.00 43.00 42.00 1601.56 609.37 31.25 
4 12852.88 7442.56 50.00 32.00 32.00 1601.56 1351.56 1789.06 
4 12892.74 7458.12 57.00 42.00 40.00 1601.56 1367.19 257.81 
4 12951.41 7550.92 52.00 37.00 34.00 1601.56 1085.94 343.75 
4 12795.55 7484.09 55.00 40.00 40.00 1601.56 898.44 1804.69 
4 12750.97 7354.11 71.00 56.00 55.00 1601.56 1687.50 843.75 
4 12845.00 7497.88 54.00 37.00 36.00 1601.56 484.37 1507.81 
4 12906.48 7584.99 60.00 47.00 47.00 1601.56 1625.00 1898.44 
4 12926.64 7519.67 58.00 44.00 44.00 1601.56 39.06 85.94 
4 13029.56 7641.37 44.00 34.00 34.00 1601.56 1453.12 1617.19 
4 12758.84 7454.92 56.00 40.00 40.00 1601.56 265.62 1367.19 
4 12760.22 7491.96 58.00 42.00 41.00 1601.56 1171.88 1031.25 
4 12856.80 7575.89 61.00 44.00 44.00 1601.56 710.94 1539.06 
4 12776.61 7504.45 67.00 51.00 50.00 1601.56 898.44 625.00 
4 13057.99 7675.83 53.00 39.00 38.00 1601.56 1289.06 1531.25 
4 13087.48 7608.40 54.00 40.00 37.00 1601.56 968.75 1164.06 
4 12787.33 7529.06 74.00 57.00 57.00 1601.56 234.37 1695.31 
4 12980.53 7489.22 52.00 37.00 36.00 1601.56 1906.25 687.50 
4 13023.73 7581.63 52.00 35.00 34.00 1601.56 953.12 39.06 
4 12997.81 7596.02 49.00 34.00 34.00 1601.56 1531.25 1843.75 
4 12953.71 7567.28 65.00 50.00 50.00 1601.56 1500.00 1828.12 
4 12785.01 7461.00 61.00 46.00 45.00 1601.56 1812.50 906.25 
4 12889.74 7573.09 55.00 40.00 40.00 1601.56 1046.88 1578.12 
4 12799.60 7348.12 45.00 29.00 29.00 1601.56 1476.56 1687.50 
4 12825.85 7479.29 60.00 44.00 43.00 1601.56 1078.13 1328.13 
4 12806.98 7534.00 48.00 31.00 30.00 1601.56 578.12 492.19 
4 13054.90 7638.73 55.00 39.00 38.00 1601.56 1492.19 62.50 
4 12987.58 7529.69 53.00 39.00 37.00 1601.56 1015.63 757.81 
4 12964.16 7649.36 46.00 30.00 29.00 1601.56 1195.31 695.31 
